190.196557
260.573490
261.274734
267.822756
267.897085
268.286859
269.299687
269.666314
269.853579
271.863338
272.099265
272.769388
274.012695
274.151375
276.110842
276.794177
277.526545
277.732066
278.857665
279.766508
280.473189
280.741815
282.270725
283.891290
284.125441
284.129015
286.097225
286.976544
287.724913
288.590596
289.719073
289.914008
290.621603
293.265764
293.903605
294.777461
295.527206
296.061762
296.469885
297.729670
287.238190
223.331739
277.815970
285.441252
275.977179
501.205329
276.489850
287.663288
415.762421
301.366608
266.836719
297.137141
294.048427
295.035378
272.769896
287.459409
267.573292
285.208216
260.319734
283.044884
265.237109
425.071806
309.124187
281.065465
269.003536
292.787957
323.191150
283.802686
271.605468
424.088689
289.030717
271.948308
278.018988
298.906748
269.250303
264.907923
329.377198
275.325079
304.160569
461.529769
